0 0 -0.767449224496295 1.0
0 1 -0.14706257628086172 1.0
0 2 -0.2535230883025955 1.0
0 3 -0.5719925667381203 1.0
0 4 -0.9627337873866207 1.0
0 5 -0.5579148829063321 1.0
1 0 -0.440862322267764 1.0857292130852558 2.3282667642216137 1.3967864028831443 1.849123898464834 0.982479501196394 1.2119757914735205
1 1 -0.6782138060433237 0.44609305772476704 1.9782418500097703 0.58477907940039 0.5079188844723281 2.183501844444774 1.5027020973519216
1 2 -0.9725632943869534 0.5524441732637024 -0.3370227086719743 0.21598922933082396 1.3966994029425701 2.396802386676993 0.8213171239927805
1 3 -0.023827536052276055 2.192738352371483 4.405360099431533 2.0556184396178914 -2.6104497500558113 -2.1825764094836453 -0.7488707564895158
1 4 -0.1761393446513112 2.17342108308634 1.2547231217995185 0.8635850774391224 1.9594514160040912 0.4571676321627665 1.1060574338796363
1 5 -0.49629684114410766 0.7640219867708792 0.11162961220614052 -0.031703054350332965 1.8378375535416813 1.5349001250951992 0.9926156274618619
1 6 -0.18545762615552897 2.254208849687425 3.800266767375023 1.7747908837758255 -1.3602931864157044 -2.9663088207136767 -1.1231731409081929
1 7 -0.38482404801437875 0.21530398181959132 0.9668272372909784 1.084686560540174 2.1157584794830324 1.221882583203261 0.6774192549490409
1 8 -0.35680913994102925 -0.1997552959065657 -0.061058911034651234 -0.19338842589037936 1.51795685488825 2.460962364204211 1.1338026265487404
1 9 -0.8874749790882057 2.0602749963019225 2.6098278052914328 0.6280644041551059 1.445822361496318 1.9336312013308588 -0.09886014447257203
2 0 -0.3206820019779665 0.8889074258665807 -0.7195976125715038 -2.1823322300055006 2.571909314123456 1.1927229726489041 -1.1129090951515161 2.0415756191251115 -0.5606180819698401 -1.7629241312307131 0.837943654529898
